0
16
32
48
64
80
96
112
128
144
160
176
192
208
224
240
+2048
+4096
+6144
0
+2048
4096
6144
+10000
10016
+10032
10048
10064
10080
+10096
10112
10128
10144
10160
10176
10192
10208
10224
10240
+2048
4096
+6144
0
+16
32
48
64
80
96
112
128
144
160
176
192
208
224
240
+2048
+4096
+6144
10000
10016
+10032
10048
10064
10080
10096
10112
10128
10144
10160
10176
10192
10208
10224
10240
0
+10080
2048
+10064
2048
10000
10016
+10032
10048
10064
10080
10096
10112
10128
10144
10160
10176
10192
10208
10224
10240
+2048
4096
6144
